2,2,3: 6
2,3,4,: 13
2,1,3,: 5
3,0,4,: 5
,2,3,1: 5
2,3,1,: 5
1,2,3,: 7
1,2,3,: 7
,2,3,2: 6
2,3,2,: 6
,3,2,3: 6
3,2,3,: 6
,3,1,3: 5
3,1,3,: 5
,3,4,3: 6
3,4,3,: 6
,4,3,2: 6
4,3,2,: 6
3,4,0,: 5
0,1,2,: 5
,0,4,3: 5
0,4,3,: 5
,2,2,3: 6
2,2,3,: 6
,2,3,4: 13
2,3,4,: 13
2,1,3,: 5
3,0,4,: 5
,2,3,1: 5
2,3,1,: 5
,1,2,3: 7
1,2,3,: 7
,2,3,2: 6
2,3,2,: 6
,3,2,3: 6
3,2,3,: 6
,3,1,3: 5
3,1,3,: 5
,3,4,3: 6
3,4,3,: 6
,4,3,2: 6
4,3,2,: 6
3,4,0,: 5
0,1,2,: 5
,0,4,3: 5
0,4,3,: 5
,2,2,3: 6
2,2,3,: 6
,2,3,4: 13
2,3,4,: 13
2,1,3,: 5
3,0,4,: 5
,2,3,1: 5
2,3,1,: 5
,1,2,3: 7
1,2,3,: 7
,2,3,2: 6
2,3,2,: 6
,3,2,3: 6
3,2,3,: 6
,3,1,3: 5
3,1,3,: 5
,3,4,3: 6
3,4,3,: 6
,4,3,2: 6
4,3,2,: 6
3,4,0,: 5
0,1,2,: 5
,0,4,3: 5
0,4,3,: 5
